Circularly polarized Alfven wave
Reading: /mnt/home/wysongj2/athenapk/test-suite-results/3D/glmmhd/cpaw/cpaw-errors.dat

      N0->N1      ||dq||     density          M1          M2          M3           E         B1c         B2c         B3c
------------------------------------------------------------------------------------------------------------------------
   16->32         1.3944      1.0453      1.4187      1.4454      1.2398      1.1570      1.7268      2.1996      1.9079
   32->64         2.3144      2.7800      1.9893      2.2160      2.7312      2.6847      1.6952      1.7129      2.1673
   64->128        2.0688      2.8399      2.0539      2.0512      2.0409      2.4842      2.0245      1.6544      1.6596
  128->256        2.0583      2.3910      2.0067      2.0818      2.0809      2.2731      2.0280      1.9974      2.0275

Errors used:
       N        ||dq||       density            M1            M2            M3             E           B1c           B2c           B3c
--------------------------------------------------------------------------------------------------------------------------------------
      16  2.566360e-02  7.204550e-03  9.689639e-03  8.962014e-03  1.047330e-02  1.106507e-02  9.493711e-03  7.088430e-03  7.746350e-03
      32  9.762682e-03  3.490855e-03  3.624519e-03  3.290780e-03  4.434591e-03  4.962162e-03  2.868218e-03  1.543141e-03  2.064199e-03
      64  1.962734e-03  5.082468e-04  9.128597e-04  7.083031e-04  6.678672e-04  7.717693e-04  8.857491e-04  4.707275e-04  4.595562e-04
     128  4.678257e-04  7.098877e-05  2.198400e-04  1.709038e-04  1.623007e-04  1.379313e-04  2.177041e-04  1.495399e-04  1.454644e-04
     256  1.123234e-04  1.353386e-05  5.470407e-05  4.037112e-05  3.836152e-05  2.853598e-05  5.337877e-05  3.745316e-05  3.568021e-05
