Circularly polarized Alfven wave
Reading: /mnt/home/wysongj2/athenapk/test-suite-results-unrefined/2D/ctmhd/cpaw/cpaw-errors.dat

      N0->N1      ||dq||     density          M1          M2          M3           E         B1c         B2c         B3c
------------------------------------------------------------------------------------------------------------------------
   16->32         1.4194      1.2623      1.3261      1.9219      1.3787      1.0935      1.5002      1.5076      1.3862
   32->64         1.8204      1.8391      1.8527      1.7370      1.8322      1.7287      1.8134      1.7986      1.8326
   64->128        1.9802      1.9391      1.9924      1.9225      1.9767      2.0295      1.9801      1.9712      1.9769
  128->256        2.0328      2.0040      2.0468      1.9713      2.0270      2.0607      2.0455      2.0402      2.0271

Errors used:
       N        ||dq||       density            M1            M2            M3             E           B1c           B2c           B3c
--------------------------------------------------------------------------------------------------------------------------------------
      16  1.593175e-02  1.088513e-03  6.350755e-03  4.777425e-03  7.779189e-03  3.113483e-03  6.865928e-03  3.367230e-03  7.796877e-03
      32  5.956484e-03  4.537665e-04  2.532884e-03  1.260797e-03  2.991528e-03  1.459009e-03  2.427133e-03  1.184223e-03  2.982848e-03
      64  1.686588e-03  1.268266e-04  7.012723e-04  3.782246e-04  8.401097e-04  4.402242e-04  6.905495e-04  3.404116e-04  8.374579e-04
     128  4.274723e-04  3.307436e-05  1.762483e-04  9.977384e-05  2.134447e-04  1.078249e-04  1.750338e-04  8.682010e-05  2.127462e-04
     256  1.044689e-04  8.245719e-06  4.265622e-05  2.544538e-05  5.237105e-05  2.584540e-05  4.240102e-05  2.110830e-05  5.219785e-05
