Circularly polarized Alfven wave
Reading: /mnt/home/wysongj2/athenapk/test-suite-results/3D/ctmhd/cpaw/cpaw-errors.dat

      N0->N1      ||dq||     density          M1          M2          M3           E         B1c         B2c         B3c
------------------------------------------------------------------------------------------------------------------------
   16->32         1.8314      1.3534      1.5791      2.3581      1.8969      1.0742      1.5971      2.3057      1.9574
   32->64         1.7945      1.9864      1.7393      1.7579      1.9885      1.4766      1.7246      1.8294      2.0639
   64->128        1.8637      2.1897      1.9691      1.6690      1.7483      1.8222      1.9717      1.6826      1.6811
  128->256        1.9899      2.1864      2.0214      1.9393      1.9691      2.0808      2.0192      1.9036      1.9459

Errors used:
       N        ||dq||       density            M1            M2            M3             E           B1c           B2c           B3c
--------------------------------------------------------------------------------------------------------------------------------------
      16  1.790750e-02  1.469618e-03  8.017314e-03  7.088985e-03  6.650502e-03  1.864129e-03  8.027210e-03  6.950594e-03  6.598230e-03
      32  5.031777e-03  5.751805e-04  2.683355e-03  1.382690e-03  1.785747e-03  8.853195e-04  2.653334e-03  1.405802e-03  1.698993e-03
      64  1.450534e-03  1.451582e-04  8.037136e-04  4.088374e-04  4.500069e-04  3.181336e-04  8.028492e-04  3.955657e-04  4.063479e-04
     128  3.985681e-04  3.181930e-05  2.052849e-04  1.285708e-04  1.339452e-04  8.996698e-05  2.046822e-04  1.232230e-04  1.267189e-04
     256  1.003415e-04  6.990610e-06  5.056561e-05  3.352435e-05  3.421176e-05  2.126726e-05  5.049372e-05  3.293537e-05  3.288915e-05
